[gd_scene load_steps=13 format=3 uid="uid://r32fqmgx0nvx"]

[ext_resource type="Material" uid="uid://d4b23b4qt34dk" path="res://assets/textures/grass_mat_1.tres" id="1_1sjgn"]
[ext_resource type="Script" path="res://scripts/levels/results_1.gd" id="1_86xhe"]
[ext_resource type="PackedScene" uid="uid://sobcjanvyu2b" path="res://assets/models/podium/Podium.fbx" id="2_0bxyi"]
[ext_resource type="PackedScene" uid="uid://b53i3xkth0g1f" path="res://scenes/characters/npc.tscn" id="7_06s6r"]
[ext_resource type="PackedScene" uid="uid://6vath2r217yu" path="res://scenes/characters/player.tscn" id="8_cdjlk"]
[ext_resource type="PackedScene" uid="uid://cahy0hyu5th0u" path="res://assets/models/pennants/Pennants.glb" id="15_ayqrn"]
[ext_resource type="PackedScene" uid="uid://bejjyy00sjqbf" path="res://assets/models/flower/Flower.glb" id="16_ai853"]
[ext_resource type="PackedScene" uid="uid://4ekvtha4idrc" path="res://assets/models/flower/Flower Grey.glb" id="18_0mibq"]

[sub_resource type="ProceduralSkyMaterial" id="ProceduralSkyMaterial_b6gpl"]
sky_horizon_color = Color(0.64625, 0.65575, 0.67075, 1)
ground_horizon_color = Color(0.64625, 0.65575, 0.67075, 1)

[sub_resource type="Sky" id="Sky_44q06"]
sky_material = SubResource("ProceduralSkyMaterial_b6gpl")

[sub_resource type="Environment" id="Environment_s2inj"]
background_mode = 2
sky = SubResource("Sky_44q06")
tonemap_mode = 2
glow_enabled = true

[sub_resource type="PlaneMesh" id="PlaneMesh_splwm"]
material = ExtResource("1_1sjgn")
size = Vector2(200, 200)
subdivide_width = 10
subdivide_depth = 10

[node name="Node3D" type="Node3D"]
script = ExtResource("1_86xhe")
npc_spawner = ExtResource("7_06s6r")
player_spawner = ExtResource("8_cdjlk")

[node name="DirectionalLight3D" type="DirectionalLight3D" parent="."]
transform = Transform3D(-0.866023, -0.433016, 0.250001, 0, 0.499998, 0.866027, -0.500003, 0.749999, -0.43301, 0, 4.41302, 0)
shadow_enabled = true

[node name="WorldEnvironment" type="WorldEnvironment" parent="."]
environment = SubResource("Environment_s2inj")

[node name="Camera3D" type="Camera3D" parent="."]
transform = Transform3D(-0.847122, -0.1569, 0.507708, 3.72529e-09, 0.955417, 0.295258, -0.531399, 0.250119, -0.809355, 0.775169, 2.39177, -3.57784)
fov = 60.4244

[node name="Decor" type="Node3D" parent="."]

[node name="Ground" type="MeshInstance3D" parent="Decor"]
mesh = SubResource("PlaneMesh_splwm")
skeleton = NodePath("../..")

[node name="Podium" parent="Decor" instance=ExtResource("2_0bxyi")]
transform = Transform3D(-4.37114e-08, 0, -1, 0, 1, 0, 1, 0, -4.37114e-08, -1.71712, 4.76837e-07, 2.16065)

[node name="Flags" parent="Decor/Podium" instance=ExtResource("15_ayqrn")]
transform = Transform3D(0.994859, 0, -0.101264, 0, 1, 0, 0.101264, 0, 0.994859, 0.664381, -4.76837e-07, -0.0393468)

[node name="Flower" parent="Decor/Podium" instance=ExtResource("16_ai853")]
transform = Transform3D(-0.509415, 0, 2.24147, 0, 2.29863, 0, -2.24147, 0, -0.509415, -0.650531, -4.76837e-07, -1.61294)

[node name="Flowers" parent="Decor/Podium" instance=ExtResource("18_0mibq")]
transform = Transform3D(-0.880882, 0, 0.473334, 0, 1, 0, -0.473334, 0, -0.880882, 0.00858068, -4.76837e-07, -2.11939)

[node name="ParticipantSlots" type="Node3D" parent="."]

[node name="Place1" type="Marker3D" parent="ParticipantSlots"]
transform = Transform3D(-4.37114e-08, 0, -1, 0, 1, 0, 1, 0, -4.37114e-08, -1.71159, 0.748929, 2.16415)

[node name="Place2" type="Marker3D" parent="ParticipantSlots"]
transform = Transform3D(-4.37114e-08, 0, -1, 0, 1, 0, 1, 0, -4.37114e-08, -0.650467, 0.560771, 2.16415)

[node name="Place3" type="Marker3D" parent="ParticipantSlots"]
transform = Transform3D(-4.37114e-08, 0, -1, 0, 1, 0, 1, 0, -4.37114e-08, -2.77645, 0.560771, 2.16415)

[node name="Place4" type="Marker3D" parent="ParticipantSlots"]
transform = Transform3D(-0.0749788, 0, -0.997185, 0, 1, 0, 0.997185, 0, -0.0749788, -4.53865, 0.00163907, 2.16415)

[node name="Place5" type="Marker3D" parent="ParticipantSlots"]
transform = Transform3D(-0.22325, 0, -0.974761, 0, 1, 0, 0.974761, 0, -0.22325, -5.48261, 0.00163907, 2.16415)

[node name="Place6" type="Marker3D" parent="ParticipantSlots"]
transform = Transform3D(-0.50302, 0, -0.864275, 0, 1, 0, 0.864275, 0, -0.50302, -6.37047, 0.00163907, 2.16415)

[node name="CrowdSlots" type="Node3D" parent="."]

[node name="Character1" type="Marker3D" parent="CrowdSlots"]
transform = Transform3D(-4.37114e-08, 0, 1, 0, 1, 0, -1, 0, -4.37114e-08, -1.71159, 0.00747585, -1.14033)

[node name="Character5" type="Marker3D" parent="CrowdSlots"]
transform = Transform3D(-4.37114e-08, 0, 1, 0, 1, 0, -1, 0, -4.37114e-08, -0.769609, 0.00747585, -1.14033)

[node name="Character6" type="Marker3D" parent="CrowdSlots"]
transform = Transform3D(0.0473156, 0, 0.99888, 0, 1, 0, -0.99888, 0, 0.0473156, 0.13422, 0.00747585, -1.14033)

[node name="Character7" type="Marker3D" parent="CrowdSlots"]
transform = Transform3D(0.163119, 0, 0.986606, 0, 1, 0, -0.986606, 0, 0.163119, 1.01917, 0.00747585, -1.14033)

[node name="Character2" type="Marker3D" parent="CrowdSlots"]
transform = Transform3D(-4.37114e-08, 0, 1, 0, 1, 0, -1, 0, -4.37114e-08, -2.77408, 0.00747585, -1.14033)

[node name="Character3" type="Marker3D" parent="CrowdSlots"]
transform = Transform3D(-4.37114e-08, 0, 1, 0, 1, 0, -1, 0, -4.37114e-08, -3.76213, 0.00747585, -1.14033)

[node name="Character4" type="Marker3D" parent="CrowdSlots"]
transform = Transform3D(-0.136649, 0, 0.990619, 0, 1, 0, -0.990619, 0, -0.136649, -4.63357, 0.00747585, -1.14033)

[node name="Character8" type="Marker3D" parent="CrowdSlots"]
transform = Transform3D(-4.37114e-08, 0, 1, 0, 1, 0, -1, 0, -4.37114e-08, -1.71159, 0.00747585, -1.9302)

[node name="Character9" type="Marker3D" parent="CrowdSlots"]
transform = Transform3D(-4.37114e-08, 0, 1, 0, 1, 0, -1, 0, -4.37114e-08, -0.769609, 0.00747585, -1.9302)

[node name="Character10" type="Marker3D" parent="CrowdSlots"]
transform = Transform3D(0.0473156, 0, 0.99888, 0, 1, 0, -0.99888, 0, 0.0473156, 0.176244, 0.00747585, -1.9302)

[node name="Character11" type="Marker3D" parent="CrowdSlots"]
transform = Transform3D(0.163119, 0, 0.986606, 0, 1, 0, -0.986606, 0, 0.163119, 1.01917, 0.00747585, -1.9302)

[node name="Character12" type="Marker3D" parent="CrowdSlots"]
transform = Transform3D(-4.37114e-08, 0, 1, 0, 1, 0, -1, 0, -4.37114e-08, -2.76985, 0.00747585, -1.9302)

[node name="Character13" type="Marker3D" parent="CrowdSlots"]
transform = Transform3D(-4.37114e-08, 0, 1, 0, 1, 0, -1, 0, -4.37114e-08, -3.75196, 0.00747585, -1.9302)

[node name="Character14" type="Marker3D" parent="CrowdSlots"]
transform = Transform3D(-0.136649, 0, 0.990619, 0, 1, 0, -0.990619, 0, -0.136649, -4.60055, 0.00747585, -1.9302)

[node name="Character15" type="Marker3D" parent="CrowdSlots"]
transform = Transform3D(-4.37114e-08, 0, 1, 0, 1, 0, -1, 0, -4.37114e-08, -1.71159, 0.00747585, -2.6986)

[node name="Character16" type="Marker3D" parent="CrowdSlots"]
transform = Transform3D(-4.37114e-08, 0, 1, 0, 1, 0, -1, 0, -4.37114e-08, -0.769609, 0.00747585, -2.6986)

[node name="Character17" type="Marker3D" parent="CrowdSlots"]
transform = Transform3D(0.0473156, 0, 0.99888, 0, 1, 0, -0.99888, 0, 0.0473156, 0.141047, 0.00747585, -2.6986)

[node name="Character18" type="Marker3D" parent="CrowdSlots"]
transform = Transform3D(0.163119, 0, 0.986606, 0, 1, 0, -0.986606, 0, 0.163119, 1.08964, 0.00747585, -2.6986)

[node name="Character19" type="Marker3D" parent="CrowdSlots"]
transform = Transform3D(-4.37114e-08, 0, 1, 0, 1, 0, -1, 0, -4.37114e-08, -2.72758, 0.00747585, -2.6986)

[node name="Character20" type="Marker3D" parent="CrowdSlots"]
transform = Transform3D(-4.37114e-08, 0, 1, 0, 1, 0, -1, 0, -4.37114e-08, -3.74187, 0.00747585, -2.6986)

[node name="Character21" type="Marker3D" parent="CrowdSlots"]
transform = Transform3D(-0.136649, 0, 0.990619, 0, 1, 0, -0.990619, 0, -0.136649, -4.47956, 0.00747585, -2.6986)
